44
51
73
12
23
86
2
6
85
55
57
71
55
63
60
80
67
70
33
44
51
86
14
35
85
5
51
20
86
84
73
18
27
58
47
97
69
9
68
58
63
35
99
23
30
71
15
86
34
83
67
0
71
89
18
57
36
38
27
18
35
82
19
0
81
39
44
97
16
63
10
58
2
75
81
16
87
90
4
13
90
65
85
3
16
73
47
38
39
89
60
31
81
50
22
80
15
98
41
90
27
18
69
71
72
9
97
95
8
2
70
46
33
13
27
70
97
16
83
8
92
6
57
26
2
79
76
52
52
0
0
88
48
14
86
71
95
14
30
7
75
51
29
36
18
14
98
68
22
52
83
99
15
33
98
21
61
43
68
93
33
45
43
7
2
82
97
19
26
56
74
83
85
76
33
40
76
21
7
88
81
7
29
99
16
0
73
15
15
65
10
52
45
37
74
29
8
22
34
36
17
78
41
65
77
0
14
38
99
58
45
39
35
80
12
25
15
43
90
1
8
81
4
61
46
22
37
48
1
4
32
53
87
71
70
2
66
64
22
16
86
34
16
57
19
70
16
64
24
49
13
64
31
32
27
36
74
79
19
55
62
65
37
94
25
91
52
64
10
10
58
51
21
74
15
74
65
47
42
75
5
73
23
52
91
67
22
54
43
34
27
86
44
66
53
20
97
21
31
28
17
52
54
14
90
61
43
57
16
53
70
27
37
43
49
89
42
84
3
57
69
97
20
75
82
71
7
54
20
94
76
43
15
14
57
53
18
9
62
29
24
65
37
90
63
0
49
0
17
64
78
13
17
73
58
20
32
78
32
18
54
88
36
22
76
27
12
23
85
95
70
33
22
73
33
4
59
29
11
82
22
6
37
55
16
63
25
41
55
37
21
40
77
43
75
35
28
15
13
36
88
26
14
21
94
44
90
44
40
54
60
2
66
49
96
48
51
81
5
13
2
70
68
48
74
30
56
79
98
97
76
43
15
75
94
95
91
15
61
71
72
81
0
0
77
18
73
27
46
27
83
46
10
0
33
17
58
66
46
63
88
11
45
42
78
16
86
90
55
1
57
35
20
33
40
20
69
67
70
55
57
29
32
71
14
29
33
15
41
76
37
24
69
97
83
61
35
58
22
61
32
82
71
45
70
47
26
76
60
13
47
90
96
90
6
59
78
74
28
49
82
71
48
79
63
32
66
22
49
79
85
11
45
9
23
74
57
87
0
66
2
56
54
28
28
46
28
78
90
24
82
60
29
72
78
60
33
91
81
37
81
3
26
81
27
36
45
86
67
32
1
91
73
62
46
25
16
20
50
17
4
88
32
25
96
24
82
72
30
63
41
65
6
63
84
98
29
73
0
92
1
41
11
58
22
91
87
66
26
52
43
13
41
64
33
93
71
1
84
3
53
73
55
3
91
35
84
10
77
47
95
43
19
58
16
62
76
74
2
5
37
15
45
78
19
27
24
41
29
91
27
28
89
97
38
28
86
7
66
86
6
76
89
79
56
0
93
82
48
71
16
97
98
78
66
38
27
77
84
63
11
42
80
85
20
67
54
22
19
88
75
69
7
15
98
60
26
66
21
19
34
41
93
58
75
30
30
10
31
0
0
9
22
3
75
63
96
3
58
89
45
71
62
59
95
47
89
82
79
5
11
60
55
65
29
69
49
21
10
89
36
43
90
19
87
66
46
3
40
35
64
22
8
31
73
62
79
33
63
28
40
48
30
25
88
40
53
57
74
6
14
74
92
69
53
2
80
43
72
28
0
85
42
44
41
88
52
23
91
67
89
15
57
82
49
88
13
65
30
46
13
88
29
33
20
89
29
38
78
71
81
35
60
35
27
54
5
85
84
99
88
29
66
7
16
99
16
10
20
64
88
15
12
26
15
12
56
8
23
52
59
13
45
20
85
54
54
22
54
94
82
27
80
31
57
83
22
22
16
21
72
19
18
14
82
65
23
34
19
15
98
96
62
32
40
75
84
46
21
62
44
93
55
25
81
61
34
81
69
31
90
34
92
2
79
39
94
30
37
20
30
19
3
39
95
85
65
48
90
81
99
75
0
53
76
78
63
92
32
21
30
41
65
88
25
64
4
60
52
0
80
53
8
1
31
24
90
15
30
96
96
86
90
87
32
14
33
38
25
1
76
1
98
16
89
89
54
14
14
31
81
5
96
89
0
45
67
99
22
51
87
47
62
36
24
44
50
77
56
10
30
66
34
51
24
78
54
92
12
42
70
75
1
98
15
91
89
1
86
86
